00d605b3 12 13 0 0 0 0 0 0 0000 1
40d605b3 12 13 0 0 0 0 0 0 1000 1
00d615b3 12 13 0 0 0 0 0 0 0001 1
00d625b3 12 13 0 0 0 0 0 0 0010 1
00d635b3 12 13 0 0 0 0 0 0 0011 1
00d645b3 12 13 0 0 0 0 0 0 0100 1
00d655b3 12 13 0 0 0 0 0 0 0101 1
40d655b3 12 13 0 0 0 0 0 0 1101 1
00d665b3 12 13 0 0 0 0 0 0 0110 1
00d675b3 12 13 0 0 0 0 0 0 0111 1
0e966593 12  9 0 0 0 0 0 1 0110 1
fcd618e3 12 13 1 0 0 0 0 0 1000 0
07b62583 12 27 0 0 1 1 0 1 0000 1
1cd62423 12 13 0 0 0 0 1 1 0000 0
000e95b7 29  0 0 0 0 0 0 0 0000 1
000e9597 29  0 0 0 0 0 0 0 0000 1
000005ef  0  0 0 1 0 0 0 0 0000 1
000605e7 12  0 0 1 0 0 0 1 0000 1
